{
  "asset": {
    "version": "2.0",
    "generator": "THREE.GLTFExporter"
  },
  "scenes": [
    {
      "nodes": [
        69
      ]
    }
  ],
  "scene": 0,
  "nodes": [
    {
      "matrix": [
        0.9999518990527198,
        -0.00032088807614377804,
        -0.009804873619499006,
        0,
        6.591427020301523e-7,
        0.9994670748440495,
        -0.032642741583391144,
        0,
        0.009810122769055562,
        0.03264116413135915,
        0.9994189739486855,
        0,
        0.35587939620018005,
        1.7780000405309693e-7,
        -0.10224109143018723,
        1
      ],
      "name": "LToe"
    },
    {
      "matrix": [
        -0.4662753809952334,
        0.000002141256630413617,
        0.8846396276336491,
        0,
        -0.028873595889251008,
        0.9994671940902052,
        -0.015221098647173059,
        0,
        -0.8841683200020013,
        -0.032639950723107464,
        -0.4660268854167498,
        0,
        0.5178475379943848,
        -2.794000124595186e-7,
        -1.0160000130099434e-7,
        1
      ],
      "name": "LFoot",
      "children": [
        0
      ]
    },
    {
      "matrix": [
        0.7652888894081115,
        0,
        -0.6436869502067567,
        0,
        0,
        1,
        0,
        0,
        0.6436869502067567,
        0,
        0.7652888894081115,
        0,
        0.5098973512649536,
        3.8099997823337617e-7,
        0,
        1
      ],
      "name": "LLeg",
      "children": [
        1
      ]
    },
    {
      "matrix": [
        0.8912870276140474,
        0.4005121910388872,
        0.21259686396648433,
        0,
        -0.40988209607048764,
        0.9121385227320381,
        -1.5013084947122986e-8,
        0,
        -0.1939177955574795,
        -0.08713963489084703,
        0.9771400096173088,
        0,
        0.33384743332862854,
        0.6532219648361206,
        -0.029558487236499786,
        1
      ],
      "name": "LThigh",
      "children": [
        2
      ]
    },
    {
      "matrix": [
        1,
        0,
        0,
        0,
        0,
        1,
        0,
        0,
        0,
        0,
        1,
        0,
        0.3449726402759552,
        0,
        0,
        1
      ],
      "name": "TailA04"
    },
    {
      "matrix": [
        1,
        0,
        0,
        0,
        0,
        1,
        0,
        0,
        0,
        0,
        1,
        0,
        0.3449726402759552,
        0,
        -7.619999564667523e-7,
        1
      ],
      "name": "TailA03",
      "children": [
        4
      ]
    },
    {
      "matrix": [
        1,
        0,
        0,
        0,
        0,
        1,
        0,
        0,
        0,
        0,
        1,
        0,
        0.3449726402759552,
        0,
        -7.619999564667523e-7,
        1
      ],
      "name": "TailA02",
      "children": [
        5
      ]
    },
    {
      "matrix": [
        0.05668401345610614,
        0,
        0.9983921647071838,
        0,
        0,
        1,
        0,
        0,
        -0.9983921647071838,
        0,
        0.05668401345610614,
        0,
        0.6465341448783875,
        -1.2699999274445872e-7,
        5.080000065049717e-8,
        1
      ],
      "name": "TailA01",
      "children": [
        6
      ]
    },
    {
      "matrix": [
        0.9996406435966493,
        1.2577012379216008e-8,
        0.02680591866373426,
        0,
        1.2577012379216021e-8,
        0.9999999999999999,
        -9.382071714827413e-7,
        0,
        -0.026805918663746056,
        9.382071590988693e-7,
        0.999640643596649,
        0,
        0.5493130683898926,
        0,
        0,
        1
      ],
      "name": "Tail7",
      "children": [
        7
      ]
    },
    {
      "matrix": [
        0.9987241625785845,
        -2.4777353371728827e-8,
        0.050498463213406876,
        0,
        -1.257742779730331e-7,
        0.9999999999999999,
        0.000002978133476631125,
        0,
        -0.05049846321348065,
        -0.000002980685270245082,
        0.9987241625785809,
        0,
        0.7353782653808594,
        0,
        2.5400000325248584e-8,
        1
      ],
      "name": "Tail6",
      "children": [
        8
      ]
    },
    {
      "matrix": [
        0.9988079667091369,
        0,
        0.048812463879585266,
        0,
        0,
        1,
        0,
        0,
        -0.048812463879585266,
        0,
        0.9988079667091369,
        0,
        0.7498765587806702,
        2.5400000325248584e-8,
        7.620000275210259e-8,
        1
      ],
      "name": "Tail5",
      "children": [
        9
      ]
    },
    {
      "matrix": [
        0.998100996017456,
        0,
        0.06159885227680206,
        0,
        0,
        1,
        0,
        0,
        -0.06159885227680206,
        0,
        0.998100996017456,
        0,
        0.8009839057922363,
        0,
        1.7780000405309693e-7,
        1
      ],
      "name": "Tail4",
      "children": [
        10
      ]
    },
    {
      "matrix": [
        0.9948130249977112,
        0,
        0.10172044485807419,
        0,
        0,
        1,
        0,
        0,
        -0.10172044485807419,
        0,
        0.9948130249977112,
        0,
        0.7553654909133911,
        0,
        0,
        1
      ],
      "name": "Tail3",
      "children": [
        11
      ]
    },
    {
      "matrix": [
        0.9994454979896545,
        0,
        0.03329664841294287,
        0,
        0,
        1,
        0,
        0,
        -0.03329664841294287,
        0,
        0.9994454979896545,
        0,
        0.8552840352058411,
        0,
        -1.7780000405309693e-7,
        1
      ],
      "name": "Tail2",
      "children": [
        12
      ]
    },
    {
      "matrix": [
        0.26315042376518244,
        5.450267124869651e-11,
        -0.9647548198699951,
        0,
        -5.4502671248696514e-11,
        -1,
        -7.136017448806587e-11,
        0,
        -0.9647548198699951,
        7.136017493946167e-11,
        -0.26315042376518244,
        0,
        0.6532320976257324,
        0,
        -0.6188303232192993,
        1
      ],
      "name": "Tail1",
      "children": [
        13
      ]
    },
    {
      "matrix": [
        0.9999518394485895,
        0.00013699322785888825,
        -0.009810841482515504,
        0,
        0.0000036772500674620554,
        0.9998972415876239,
        0.014336815437496396,
        0,
        0.009811797339086362,
        -0.01433616098183325,
        0.9998490810426439,
        0,
        0.35587939620018005,
        -3.8099997823337617e-7,
        -0.10224134474992752,
        1
      ],
      "name": "RToe"
    },
    {
      "matrix": [
        -0.466281953246513,
        0.0000026451587346232173,
        0.8846361622558799,
        0,
        0.012686349726014701,
        0.9998971819961834,
        0.006683845060015892,
        0,
        -0.8845452084792882,
        0.014339360395516133,
        -0.46623405539140883,
        0,
        0.5178475379943848,
        0.0000013461999515129719,
        2.0320000260198867e-7,
        1
      ],
      "name": "RFoot",
      "children": [
        15
      ]
    },
    {
      "matrix": [
        0.7652888894081115,
        0,
        -0.6436869502067567,
        0,
        0,
        1,
        0,
        0,
        0.6436869502067567,
        0,
        0.7652888894081115,
        0,
        0.5098973512649536,
        -0.000001244599957317405,
        2.2860000115088042e-7,
        1
      ],
      "name": "RLeg",
      "children": [
        16
      ]
    },
    {
      "matrix": [
        0.8912870276140474,
        -0.4005121910388872,
        0.21259686396648433,
        0,
        0.40988209607048764,
        0.9121385227320381,
        1.5013084947122986e-8,
        0,
        -0.1939177955574795,
        0.08713963489084703,
        0.9771400096173088,
        0,
        0.33384743332862854,
        -0.6532219648361206,
        -0.029558487236499786,
        1
      ],
      "name": "RThigh",
      "children": [
        17
      ]
    },
    {
      "matrix": [
        -0.9296882748603821,
        -8.820068264968128e-11,
        0.36834725737571716,
        0,
        8.820068308714113e-11,
        -1,
        -1.683612847580983e-11,
        0,
        0.36834725737571716,
        1.6836128475809838e-11,
        0.9296882748603821,
        0,
        0,
        0,
        0,
        1
      ],
      "name": "Hips",
      "children": [
        3,
        14,
        18
      ]
    },
    {
      "matrix": [
        1,
        0,
        0,
        0,
        0,
        1,
        0,
        0,
        0,
        0,
        1,
        0,
        1.0665003061294556,
        3.8099997823337617e-7,
        -3.8099997823337617e-7,
        1
      ],
      "name": "LFeeler6"
    },
    {
      "matrix": [
        0.9201788270691215,
        0.006943463626842264,
        0.39143673423016445,
        0,
        -0.06528095267753747,
        0.9885660405086479,
        0.1359251022372765,
        0,
        -0.3860172545603478,
        -0.15062875747341703,
        0.9101107757019843,
        0,
        1.1869572401046753,
        8.636000075057382e-7,
        0,
        1
      ],
      "name": "LFeeler5",
      "children": [
        20
      ]
    },
    {
      "matrix": [
        0.04696609851651275,
        0.1789326402757584,
        0.9827396866296346,
        0,
        0.000606561759792954,
        0.9838200813323507,
        -0.17915834172081882,
        0,
        -0.998896301129002,
        0.009010460577786547,
        0.04609765658829326,
        0,
        1.047323226928711,
        -1.7780000405309693e-7,
        -3.301999811355927e-7,
        1
      ],
      "name": "LFeeler4",
      "children": [
        21
      ]
    },
    {
      "matrix": [
        0.8827527759172427,
        -0.009181477968922129,
        -0.46974805042519574,
        0,
        0.03401172635949568,
        0.9984347223703469,
        0.044400055374264134,
        0,
        0.46860510065779676,
        -0.055171213631272885,
        0.8816832902706689,
        0,
        0.46952152252197266,
        1.7780000405309693e-7,
        1.7780000405309693e-7,
        1
      ],
      "name": "LFeeler3",
      "children": [
        22
      ]
    },
    {
      "matrix": [
        0.8233215787038112,
        0.20899047345499847,
        0.5276974458181317,
        0,
        -0.1797326466383474,
        0.9778935920592935,
        -0.10686555120537117,
        0,
        -0.5383658390558306,
        -0.006859744315986036,
        0.8426833164867361,
        0,
        0.5650661587715149,
        0,
        -1.0160000130099434e-7,
        1
      ],
      "name": "LFeeler2",
      "children": [
        23
      ]
    },
    {
      "matrix": [
        0.8853666831256402,
        -0.40701427677765045,
        -0.22464458674409474,
        0,
        0.032064057941292363,
        -0.42860486072294723,
        0.9029229263154762,
        0,
        -0.4637862893960718,
        -0.8066208978803855,
        -0.3664219360053097,
        0,
        0.7131938934326172,
        -0.20374788343906403,
        -0.6226860880851746,
        1
      ],
      "name": "LFeeler1",
      "children": [
        24
      ]
    },
    {
      "matrix": [
        1,
        0,
        0,
        0,
        0,
        1,
        0,
        0,
        0,
        0,
        1,
        0,
        1.0665028095245361,
        -0.000005410200174083002,
        0.000008889999662642367,
        1
      ],
      "name": "RFeeler6"
    },
    {
      "matrix": [
        0.9201788270691215,
        -0.006943463626842264,
        0.39143673423016445,
        0,
        0.06528095267753747,
        0.9885660405086479,
        -0.1359251022372765,
        0,
        -0.3860172545603478,
        0.15062875747341703,
        0.9101107757019843,
        0,
        1.1869546175003052,
        0.0000025145998279185733,
        -0.000003860800006805221,
        1
      ],
      "name": "RFeeler5",
      "children": [
        26
      ]
    },
    {
      "matrix": [
        0.04696609851651275,
        -0.1789326402757584,
        0.9827396866296346,
        0,
        -0.000606561759792954,
        0.9838200813323507,
        0.17915834172081882,
        0,
        -0.998896301129002,
        -0.009010460577786547,
        0.04609765658829326,
        0,
        1.0473130941390991,
        -0.000005308600066200597,
        0.000004724400241684634,
        1
      ],
      "name": "RFeeler4",
      "children": [
        27
      ]
    },
    {
      "matrix": [
        0.8827528360036837,
        0.00918171590852839,
        -0.4697479601025494,
        0,
        -0.034012422536431754,
        0.9984346627481799,
        -0.044400871953146265,
        0,
        0.468604952561864,
        0.055172259697540055,
        0.8816832898295447,
        0,
        0.46953171491622925,
        0.00000589279989071656,
        -0.000010261599527439103,
        1
      ],
      "name": "RFeeler3",
      "children": [
        28
      ]
    },
    {
      "matrix": [
        0.8233216413724578,
        -0.2089907635588116,
        0.527697205711358,
        0,
        0.17973229692988932,
        0.9778935906237662,
        0.1068666611314218,
        0,
        -0.538365840744025,
        0.006858595784793522,
        0.8426833153853076,
        0,
        0.565061092376709,
        -0.0000017272000150114764,
        0.0000019304000034026103,
        1
      ],
      "name": "RFeeler2",
      "children": [
        29
      ]
    },
    {
      "matrix": [
        0.8853666831256402,
        0.40701427677765045,
        -0.22464458674409474,
        0,
        -0.032064057941292363,
        -0.42860486072294723,
        -0.9029229263154762,
        0,
        -0.4637862893960718,
        0.8066208978803855,
        -0.3664219360053097,
        0,
        0.7131938934326172,
        0.20374788343906403,
        -0.6226860880851746,
        1
      ],
      "name": "RFeeler1",
      "children": [
        30
      ]
    },
    {
      "matrix": [
        0.553592684802201,
        -0.021192355381670778,
        -0.8325178603842863,
        0,
        -0.04611963063699324,
        0.9973618388769104,
        -0.05605637897062715,
        0,
        0.831509532479941,
        0.06942781936120573,
        0.551154848847438,
        0,
        0.2269660085439682,
        -7.620000275210259e-8,
        -7.620000275210259e-8,
        1
      ],
      "name": "LFingerA2"
    },
    {
      "matrix": [
        0.7969451593054592,
        -0.06728842892095334,
        -0.6002921399961929,
        0,
        0.0939236577565979,
        0.9954931736199493,
        0.01310500706917447,
        0,
        0.5967049064744492,
        -0.06682560481690963,
        0.7996734335245432,
        0,
        0.2742158770561218,
        1.2699999274445872e-7,
        0,
        1
      ],
      "name": "LFingerA1",
      "children": [
        32
      ]
    },
    {
      "matrix": [
        0.8423556668240757,
        0.08093757412330319,
        -0.532809617506104,
        0,
        -0.08683585145576787,
        0.9961237909495136,
        0.014033477180277875,
        0,
        0.5318801379336544,
        0.03444579558876713,
        0.8461187497016651,
        0,
        0.1252809315919876,
        -2.5400000325248584e-8,
        2.794000124595186e-7,
        1
      ],
      "name": "LFingerB2"
    },
    {
      "matrix": [
        0.34395253426826167,
        -0.6146640233742012,
        -0.7098483976235422,
        0,
        0.922292406107305,
        0.07923035007103416,
        0.37828466557057217,
        0,
        -0.17627643908167212,
        -0.7847997520109861,
        0.5941514404497358,
        0,
        0.17038294672966003,
        -0.14247646927833557,
        -0.0515957847237587,
        1
      ],
      "name": "LFingerB1",
      "children": [
        34
      ]
    },
    {
      "matrix": [
        0.729042042823711,
        -0.08461013140819248,
        -0.6792192574414251,
        0,
        0.10930597332575141,
        0.9939869043024867,
        -0.00649674233528093,
        0,
        0.6756847385493284,
        -0.06950632386388499,
        0.7339066374095135,
        0,
        0.16255085170269012,
        1.2699999274445872e-7,
        0,
        1
      ],
      "name": "LFingerC2"
    },
    {
      "matrix": [
        0.5228329649444651,
        0.534385157059137,
        -0.6641371948975626,
        0,
        -0.806220995952185,
        0.5630375343992078,
        -0.18164923402496425,
        0,
        0.2768635050993862,
        0.6304135361032859,
        0.7252070913435968,
        0,
        0.20073315501213074,
        0.14204518496990204,
        -0.051567841321229935,
        1
      ],
      "name": "LFingerC1",
      "children": [
        36
      ]
    },
    {
      "matrix": [
        0.9739792343100089,
        -0.22081122043943568,
        0.05105689211860643,
        0,
        0.13100972530031033,
        0.3647172848957991,
        -0.9218556246243899,
        0,
        0.18493473201170904,
        0.9045571723497923,
        0.3841554739360707,
        0,
        0.3924274444580078,
        7.620000275210259e-8,
        7.620000275210259e-8,
        1
      ],
      "name": "LHand",
      "children": [
        33,
        35,
        37
      ]
    },
    {
      "matrix": [
        0.5287657380104067,
        0,
        0.848767817020416,
        0,
        0,
        1,
        0,
        0,
        -0.848767817020416,
        0,
        0.5287657380104067,
        0,
        0.5191226601600647,
        1.7780000405309693e-7,
        -2.5400000325248584e-8,
        1
      ],
      "name": "LForeArm",
      "children": [
        38
      ]
    },
    {
      "matrix": [
        0.5019753522157702,
        -0.8533539804192612,
        -0.1407401411854205,
        0,
        0.8247806397704055,
        0.5212960887611109,
        -0.2190600344417355,
        0,
        0.26030302056441923,
        -0.006117005317445769,
        0.965507566904318,
        0,
        0.2891332805156708,
        0,
        0,
        1
      ],
      "name": "LArm",
      "children": [
        39
      ]
    },
    {
      "matrix": [
        -0.000004877319034260431,
        -1.0000000000005638,
        -3.08553010617628e-7,
        0,
        0.958403766154679,
        -0.000004586375032472572,
        -0.28541585803418723,
        0,
        0.2854158580267684,
        -0.0000016877824036231483,
        0.9584037661563248,
        0,
        0.31069281697273254,
        -0.26195529103279114,
        -0.14136217534542084,
        1
      ],
      "name": "LShoulder",
      "children": [
        40
      ]
    },
    {
      "matrix": [
        0.9992330670356755,
        -1.9173158229789103e-8,
        0.039156921207895434,
        0,
        -1.91731582297891e-8,
        1,
        9.78923029443197e-7,
        0,
        -0.03915692120791419,
        -9.789230229484905e-7,
        0.9992330670356747,
        0,
        0.07160259783267975,
        0,
        -0.09768407791852951,
        1
      ],
      "name": "Tongue"
    },
    {
      "matrix": [
        -0.1605977565059868,
        -0.0000012957562123884787,
        0.9870199561117492,
        0,
        -0.0000012956193334358616,
        -1,
        -0.0000015236062465729904,
        0,
        0.9870199561120664,
        -0.0000015234898826209698,
        0.1605977565040384,
        0,
        0.0008274557767435908,
        5.080000065049717e-8,
        0.3288995325565338,
        1
      ],
      "name": "Jaw",
      "children": [
        42
      ]
    },
    {
      "matrix": [
        0.557584285736084,
        0,
        -0.8301203250885009,
        0,
        0,
        1,
        0,
        0,
        0.8301203250885009,
        0,
        0.557584285736084,
        0,
        0.3956303894519806,
        2.5400000325248584e-8,
        -3.8099997823337617e-7,
        1
      ],
      "name": "Head",
      "children": [
        43
      ]
    },
    {
      "matrix": [
        0.9553077816963196,
        0,
        0.29561302065849304,
        0,
        0,
        1,
        0,
        0,
        -0.29561302065849304,
        0,
        0.9553077816963196,
        0,
        0.36170363426208496,
        0,
        0,
        1
      ],
      "name": "Neck3",
      "children": [
        44
      ]
    },
    {
      "matrix": [
        0.9959644079208374,
        0,
        0.0897490456700325,
        0,
        0,
        1,
        0,
        0,
        -0.0897490456700325,
        0,
        0.9959644079208374,
        0,
        0.3475278913974762,
        0,
        -2.794000124595186e-7,
        1
      ],
      "name": "Neck2",
      "children": [
        45
      ]
    },
    {
      "matrix": [
        0.9553614258766175,
        0,
        0.29543963074684143,
        0,
        0,
        1,
        0,
        0,
        -0.29543963074684143,
        0,
        0.9553614258766175,
        0,
        0.64942467212677,
        0,
        -5.080000065049717e-8,
        1
      ],
      "name": "Neck1",
      "children": [
        46
      ]
    },
    {
      "matrix": [
        0.5535926912822515,
        0.02119319118063909,
        -0.8325178560886805,
        0,
        0.04611879564326268,
        0.9973618389200161,
        0.05605682567351067,
        0,
        0.8315095963801918,
        -0.06942737265832229,
        0.5511548423248629,
        0,
        0.22696754336357117,
        5.588000249190372e-7,
        -2.794000124595186e-7,
        1
      ],
      "name": "RFingerA2"
    },
    {
      "matrix": [
        0.7969442002124816,
        0.06728813530851858,
        -0.6002934580069518,
        0,
        -0.09392429409574021,
        0.9954930548492058,
        -0.013106173256277545,
        0,
        0.5967060918587709,
        0.06682702956920913,
        0.7996724251168942,
        0,
        0.2742158770561218,
        0.000001041399968926271,
        0.0000013461999515129719,
        1
      ],
      "name": "RFingerA1",
      "children": [
        48
      ]
    },
    {
      "matrix": [
        0.8423556668240757,
        -0.08093757412330319,
        -0.532809617506104,
        0,
        0.08683585145576787,
        0.9961237909495136,
        -0.014033477180277875,
        0,
        0.5318801379336544,
        -0.03444579558876713,
        0.8461187497016651,
        0,
        0.1252811849117279,
        0.000001676399961070274,
        0.000001142999963121838,
        1
      ],
      "name": "RFingerB2"
    },
    {
      "matrix": [
        0.3439517587996144,
        0.614664557386364,
        -0.7098483428558847,
        0,
        -0.9222927661648138,
        0.0792304168609405,
        -0.37828374537347714,
        0,
        -0.17627602668614595,
        0.7847993311035739,
        0.594152101322037,
        0,
        0.17038345336914062,
        0.14247673749923706,
        -0.05159502103924751,
        1
      ],
      "name": "RFingerB1",
      "children": [
        50
      ]
    },
    {
      "matrix": [
        0.729042042823711,
        0.08461013140819248,
        -0.6792192574414251,
        0,
        -0.10930597332575141,
        0.9939869043024867,
        0.00649674233528093,
        0,
        0.6756847385493284,
        0.06950632386388499,
        0.7339066374095135,
        0,
        0.16255009174346924,
        0,
        1.7780000405309693e-7,
        1
      ],
      "name": "RFingerC2"
    },
    {
      "matrix": [
        0.5228329649444651,
        -0.534385157059137,
        -0.6641371948975626,
        0,
        0.806220995952185,
        0.5630375343992078,
        0.18164923402496425,
        0,
        0.2768635050993862,
        -0.6304135361032859,
        0.7252070913435968,
        0,
        0.20073415338993073,
        -0.14204569160938263,
        -0.05156707763671875,
        1
      ],
      "name": "RFingerC1",
      "children": [
        52
      ]
    },
    {
      "matrix": [
        0.9739792343100089,
        0.22081122043943568,
        0.05105689211860643,
        0,
        -0.13100972530031033,
        0.3647172848957991,
        0.9218556246243899,
        0,
        0.18493473201170904,
        -0.9045571723497923,
        0.3841554739360707,
        0,
        0.3924274444580078,
        0,
        -5.588000249190372e-7,
        1
      ],
      "name": "RHand",
      "children": [
        49,
        51,
        53
      ]
    },
    {
      "matrix": [
        0.5287657380104067,
        0,
        0.848767817020416,
        0,
        0,
        1,
        0,
        0,
        -0.848767817020416,
        0,
        0.5287657380104067,
        0,
        0.5191251635551453,
        5.588000249190372e-7,
        1.2699999274445872e-7,
        1
      ],
      "name": "RForeArm",
      "children": [
        54
      ]
    },
    {
      "matrix": [
        0.5019753522157702,
        0.8533539804192612,
        -0.1407401411854205,
        0,
        -0.8247806397704055,
        0.5212960887611109,
        0.2190600344417355,
        0,
        0.26030302056441923,
        0.006117005317445769,
        0.965507566904318,
        0,
        0.2891332805156708,
        1.7780000405309693e-7,
        0,
        1
      ],
      "name": "RArm",
      "children": [
        55
      ]
    },
    {
      "matrix": [
        -0.000003181898921694682,
        1.0000000000003044,
        -5.556396135171345e-7,
        0,
        -0.958403825759583,
        -0.00000289095588784037,
        0.28541561961383016,
        0,
        0.28541561960983847,
        0.000001440690696668703,
        0.9584038257604671,
        0,
        0.31069281697273254,
        0.26195529103279114,
        -0.14136217534542084,
        1
      ],
      "name": "RShoulder",
      "children": [
        56
      ]
    },
    {
      "matrix": [
        0.9961489439010619,
        0,
        -0.08767733722925186,
        0,
        0,
        1,
        0,
        0,
        0.08767733722925186,
        0,
        0.9961489439010619,
        0,
        0.5135067105293274,
        0,
        0,
        1
      ],
      "name": "Spine2",
      "children": [
        41,
        47,
        57
      ]
    },
    {
      "name": "Spine1",
      "children": [
        25,
        31,
        58
      ]
    },
    {
      "matrix": [
        -0.0000036141935291775883,
        0.9296884536740803,
        0.3683468699467637,
        0,
        -1.000000000000236,
        -0.0000036141939012935116,
        -6.898909527588496e-7,
        0,
        6.898932708160859e-7,
        -0.3683468699444456,
        0.9296884536747624,
        0,
        0,
        1.4565985202789307,
        0.03928287699818611,
        1
      ],
      "name": "Waist",
      "children": [
        19,
        59
      ]
    },
    {
      "name": "Origin",
      "children": [
        60
      ]
    },
    {
      "matrix": [
        1,
        0,
        0,
        0,
        0,
        4.489664195972409e-11,
        1,
        0,
        0,
        -1,
        4.489664195972409e-11,
        0,
        0,
        0,
        0,
        1
      ],
      "name": "pm0006_00",
      "children": [
        61
      ]
    },
    {
      "name": "Charizard_0",
      "mesh": 0,
      "skin": 0
    },
    {
      "name": "Charizard_1",
      "mesh": 1,
      "skin": 1
    },
    {
      "name": "Charizard_2",
      "mesh": 2,
      "skin": 2
    },
    {
      "name": "Charizard_3",
      "mesh": 3,
      "skin": 3
    },
    {
      "name": "Charizard_4",
      "mesh": 4,
      "skin": 4
    },
    {
      "name": "Charizard",
      "children": [
        63,
        64,
        65,
        66,
        67
      ]
    },
    {
      "matrix": [
        1,
        0,
        0,
        0,
        0,
        2.220446049250313e-16,
        -1,
        0,
        0,
        1,
        2.220446049250313e-16,
        0,
        0,
        0,
        0,
        1
      ],
      "name": "Z_UP",
      "children": [
        62,
        68
      ]
    }
  ],
  "bufferViews": [
    {
      "buffer": 0,
      "byteOffset": 0,
      "byteLength": 864,
      "target": 34962,
      "byteStride": 8
    },
    {
      "buffer": 0,
      "byteOffset": 864,
      "byteLength": 1296,
      "target": 34962,
      "byteStride": 12
    },
    {
      "buffer": 0,
      "byteOffset": 2160,
      "byteLength": 1296,
      "target": 34962,
      "byteStride": 12
    },
    {
      "buffer": 0,
      "byteOffset": 3456,
      "byteLength": 864,
      "target": 34962,
      "byteStride": 8
    },
    {
      "buffer": 0,
      "byteOffset": 4320,
      "byteLength": 1728,
      "target": 34962,
      "byteStride": 16
    },
    {
      "buffer": 0,
      "byteOffset": 6048,
      "byteLength": 1008,
      "target": 34963
    },
    {
      "buffer": 0,
      "byteOffset": 7056,
      "byteLength": 15424,
      "target": 34962,
      "byteStride": 8
    },
    {
      "buffer": 0,
      "byteOffset": 22480,
      "byteLength": 23136,
      "target": 34962,
      "byteStride": 12
    },
    {
      "buffer": 0,
      "byteOffset": 45616,
      "byteLength": 23136,
      "target": 34962,
      "byteStride": 12
    },
    {
      "buffer": 0,
      "byteOffset": 68752,
      "byteLength": 15424,
      "target": 34962,
      "byteStride": 8
    },
    {
      "buffer": 0,
      "byteOffset": 84176,
      "byteLength": 30848,
      "target": 34962,
      "byteStride": 16
    },
    {
      "buffer": 0,
      "byteOffset": 115024,
      "byteLength": 17412,
      "target": 34963
    },
    {
      "buffer": 0,
      "byteOffset": 132436,
      "byteLength": 14704,
      "target": 34962,
      "byteStride": 8
    },
    {
      "buffer": 0,
      "byteOffset": 147140,
      "byteLength": 22056,
      "target": 34962,
      "byteStride": 12
    },
    {
      "buffer": 0,
      "byteOffset": 169196,
      "byteLength": 22056,
      "target": 34962,
      "byteStride": 12
    },
    {
      "buffer": 0,
      "byteOffset": 191252,
      "byteLength": 14704,
      "target": 34962,
      "byteStride": 8
    },
    {
      "buffer": 0,
      "byteOffset": 205956,
      "byteLength": 29408,
      "target": 34962,
      "byteStride": 16
    },
    {
      "buffer": 0,
      "byteOffset": 235364,
      "byteLength": 17304,
      "target": 34963
    },
    {
      "buffer": 0,
      "byteOffset": 252668,
      "byteLength": 1104,
      "target": 34962,
      "byteStride": 8
    },
    {
      "buffer": 0,
      "byteOffset": 253772,
      "byteLength": 1656,
      "target": 34962,
      "byteStride": 12
    },
    {
      "buffer": 0,
      "byteOffset": 255428,
      "byteLength": 1656,
      "target": 34962,
      "byteStride": 12
    },
    {
      "buffer": 0,
      "byteOffset": 257084,
      "byteLength": 1104,
      "target": 34962,
      "byteStride": 8
    },
    {
      "buffer": 0,
      "byteOffset": 258188,
      "byteLength": 2208,
      "target": 34962,
      "byteStride": 16
    },
    {
      "buffer": 0,
      "byteOffset": 260396,
      "byteLength": 912,
      "target": 34963
    },
    {
      "buffer": 0,
      "byteOffset": 261308,
      "byteLength": 952,
      "target": 34962,
      "byteStride": 8
    },
    {
      "buffer": 0,
      "byteOffset": 262260,
      "byteLength": 1428,
      "target": 34962,
      "byteStride": 12
    },
    {
      "buffer": 0,
      "byteOffset": 263688,
      "byteLength": 1428,
      "target": 34962,
      "byteStride": 12
    },
    {
      "buffer": 0,
      "byteOffset": 265116,
      "byteLength": 952,
      "target": 34962,
      "byteStride": 8
    },
    {
      "buffer": 0,
      "byteOffset": 266068,
      "byteLength": 1904,
      "target": 34962,
      "byteStride": 16
    },
    {
      "buffer": 0,
      "byteOffset": 267972,
      "byteLength": 1296,
      "target": 34963
    },
    {
      "buffer": 0,
      "byteOffset": 269268,
      "byteLength": 3840
    },
    {
      "buffer": 0,
      "byteOffset": 273108,
      "byteLength": 3840
    },
    {
      "buffer": 0,
      "byteOffset": 276948,
      "byteLength": 3840
    },
    {
      "buffer": 0,
      "byteOffset": 280788,
      "byteLength": 3840
    },
    {
      "buffer": 0,
      "byteOffset": 284628,
      "byteLength": 3840
    }
  ],
  "buffers": [
    {
      "byteLength": 288468,
